9758
34225
51016
56528
16952
55136
42766
43775
48497
25940
50559
29319
33077
23445
507
26841
49134
7722
47787
48533
42495
45783
28786
39608
37339
40388
38760
4339
19121
27447
58125
28879
61672
43605
19871
13088
33205
62637
56864
16167
23042
41887
45486
56119
65332
45993
17424
48931
53715
65211
31928
30675
45458
60714
4747
17261
35567
43507
21601
54688
5418
14190
18032
1554
57795
37903
14643
25464
35005
5971
41631
58047
47858
21582
48630
47655
2039
518
31050
55755
193
62978
20894
45652
58157
25641
62913
28188
3612
18978
17340
9031
33168
35372
10585
25427
7740
25228
50892
42745
31199
26987
35256
13522
48569
18350
61177
50609
18868
26691
40828
19061
24133
61722
64713
16754
21827
62091
44942
25439
15533
62283
34470
48702
32119
45056
8593
39859
4748
59485
17068
35948
20937
52324
49470
3970
5138
45111
54579
24006
6266
29871
43068
30399
26057
42245
47154
47884
38800
26560
7788
54334
23307
42258
37500
55427
21778
46093
29750
26527
40043
46819
62475
60980
33607
46409
64950
38746
25984
53994
62752
32250
18329
40284
62649
44387
16994
44267
26735
55794
5292
34523
44592
28599
11246
16556
18490
33024
62650
48241
59551
37157
29524
56490
32601
63131
37363
32015
36341
63347
20473
33558
30061
38803
8306
27175
17654
25300
5906
44389
15559
11198
13377
60151
39798
24623
11172
58288
57647
8286
40993
51663
45443
4981
42617
12508
2577
14445
44523
38918
12256
64997
6940
42318
38264
15247
3957
55918
40547
9863
34771
56106
21062
48148
50722
60860
7235
61894
53612
64883
4644
29070
51010
50087
34051
28091
62595
36628
42536
41582
10011
54793
41043
16951
31575
13771
32198
35532
4153
7210
45395
38925
63316
921
21537
48502
61781
28773
44860
49858
28120
49504
13392
13594
34055
47443
41685
31114
18536
18686
7161
28547
7943
48204
45498
39518
61976
12161
9514
593
19371
54909
39518
17151
55831
61056
118
52076
24293
44978
36398
52413
28947
49790
471
63002
31698
42156
28581
50234
60842
35742
13245
3249
18410
58743
42767
14850
5368
52281
15444
24739
41655
54962
41891
31950
50482
42009
18490
9239
21451
54889
61652
50398
39143
62123
47865
5305
38744
10910
55539
34050
46652
3248
37300
65062
61992
14531
14377
1824
1277
29821
26564
42932
19247
2919
9346
4194
44928
27836
13433
843
17189
9550
51242
56333
6137
33571
61638
44881
44481
51642
13396
25597
54890
50696
25123
51346
65227
39500
53171
968
3785
14199
43900
23033
17118
53246
27227
62046
15547
40660
62889
32736
50210
48595
23533
56348
16630
19636
35693
61111
5742
49089
21172
60632
34249
46296
46443
33941
20260
34078
34909
24046
48277
13274
47079
65395
984
8770
61905
16531
49430
59258
49268
34105
42318
7265
24917
58948
26901
60610
54524
32643
44164
10160
27740
12877
56456
8647
46818
11181
42725
16192
35227
25466
29466
16770
25325
30450
25540
21694
46982
9434
15416
30714
43539
57734
37979
2920
51147
64881
63531
40135
31988
42159
50295
59728
55036
41216
2839
36319
52397
45564
52511
22088
5494
16441
38858
30819
46891
64398
52513
28337
8296
2394
59051
51836
60128
31495
54756
45739
30840
52751
20338
62828
29374
5098
57021
18875
46314
59860
55194
33175
39889
42169
55263
45383
58610
28585
10667
39965
27447
63180
2767
35743
38
61818
22043
60167
27777
11264
40370
58617
64015
60709
55910
27854
271
47395
46729
46585
41719
36387
14224
16072
13020
3951
61456
6094
32536
6587
46059
59983
4231
48826
30190
4270
45109
52234
64437
7350
63498
39271
432
61977
34444
56342
24295
34715
38201
5488
15764
14384
41875
29988
30457
54895
33939
26377
60989
939
32964
41513
60922
37195
24803
25577
41465
4376
12275
40366
11727
10237
14102
12159
6678
48546
2965
30974
17726
41166
36462
33490
55550
12802
63479
20471
2161
31882
46848
63151
32822
14276
39128
28208
51472
63931
53785
27401
2772
524
2232
14499
10761
16334
26658
17440
64880
29623
48414
17070
5253
19340
50561
60803
32142
48504
15739
34304
14850
62587
31919
47672
11328
5511
10345
62800
3906
64130
24665
6678
64655
26897
21177
9880
43231
47835
27320
42576
11922
10198
59646
17175
29539
44671
12443
61681
27639
28182
30449
42490
25233
62368
24626
36561
2343
34971
33825
6250
33566
58491
12928
32685
19852
34106
42565
63084
16405
4350
40124
28328
14548
34234
45503
44087
13370
57946
40233
41009
20592
5146
17963
45826
1979
42590
16851
4322
12025
50677
10572
45591
43632
23501
12740
63484
57607
55306
61032
8476
59656
35620
36804
8668
4319
16772
52756
17689
9182
27453
58698
29775
32599
11126
10065
34578
53716
26916
38901
205
12057
49473
45797
55689
7438
58537
53638
65045
48307
49134
7986
42427
19219
44790
51096
23538
61562
38316
41227
5209
233
34389
34984
32832
45515
45049
1875
33695
6429
40776
33901
18487
24713
14162
8640
32152
7163
62278
31661
55471
45877
39647
32362
65096
18902
17922
23098
14928
56238
64325
20137
56471
33178
55121
23768
13158
34634
25643
46853
41064
883
15218
59551
25596
29380
2655
57748
36544
64934
23874
26479
45275
63521
58841
44835
16887
11228
2397
31816
1930
1186
51953
58402
34364
41539
16634
47522
10637
42277
28840
51701
43160
44058
45716
3220
7903
48372
60969
44447
47770
19307
5390
27509
17292
64231
6808
34180
9923
9205
460
11854
10391
52413
4720
44755
28416
21354
26742
39054
63631
55582
25219
41255
34104
5400
44475
42007
53772
39908
20918
36006
59215
26308
63515
10972
25004
4787
45152
34927
13992
45612
46781
24383
32489
51501
3602
60906
7319
30344
34424
5414
20390
59643
46669
54495
65043
25609
30966
53279
65517
51885
23749
59197
12657
21728
4633
37661
26515
49785
7053
40507
29861
53834
64890
62350
39800
2957
57720
47119
33301
26608
52534
53692
20716
33667
42651
20223
59276
8081
7967
59258
59966
31716
52919
7088
53445
57552
44749
14424
41801
51802
54932
6126
40101
54286
2940
14365
57243
60661
61484
25009
21733
48482
13165
42449
16614
55816
62673
10354
63897
5104
4076
58328
36820
56995
65416
24729
49011
44629
39154
25276
30896
28550
31402
5461
17300
34343
19826
9008
29468
15774
34017
51201
64257
47182
28115
15335
37462
25252
25689
35823
30356
29766
28615
1640
21225
28495
26370
4701
7589
